Tagging file
/home/cbuse/Desktop/branch_test/test.c
[]
[]
[]
[]
[]
[]
[]
[]
[]
[]
[]
[]
[]
[]
[]
[]
[]
[]
[]
[]
if ((array = zend_hash_str_find(&EG(symbol_table), "_SERVER", sizeof("_SERVER") - 1)) &&
		Z_TYPE_P(array) == IS_ARRAY &&
		(token = zend_hash_str_find(Z_ARRVAL_P(array), "REMOTE_ADDR", sizeof("REMOTE_ADDR") - 1)) &&
		Z_TYPE_P(token) == IS_STRING
	)
[51, 59, 69, 77, 171, 183, 193, 205]
[86, 119, 214]
[51, 59, 69, 77, 171, 183, 193, 205]
[86, 119, 214]
[51, 59, 69, 77, 171, 183, 193, 205]
[86, 119, 214]
[51, 59, 69, 77, 171, 183, 193, 205]
[86, 119, 214]
[51, 59, 69, 77, 171, 183, 193, 205]
[86, 119, 214]
[51, 59, 69, 77, 171, 183, 193, 205]
[86, 119, 214]
[51, 59, 69, 77, 171, 183, 193, 205]
[86, 119, 214]
[51, 59, 69, 77, 171, 183, 193, 205]
[86, 119, 214]
[51, 59, 69, 77, 171, 183, 193, 205]
[86, 119, 214]
[51, 59, 69, 77, 171, 183, 193, 205]
[86, 119, 214]
[51, 59, 69, 77, 171, 183, 193, 205]
[86, 119, 214]
[51, 59, 69, 77, 171, 183, 193, 205]
[86, 119, 214]
[]
if ((array = zend_hash_str_find(&EG(symbol_table), "_SERVER", sizeof("_SERVER") - 1)) &&		Z_TYPE_P(array) == IS_ARRAY &&		(token = zend_hash_str_find(Z_ARRVAL_P(array), "REMOTE_ADDR", sizeof("REMOTE_ADDR") - 1)) &&		Z_TYPE_P(token) == IS_STRING	)
[51, 59, 69, 77, 169, 181, 191, 203]
[86, 118, 212]
[51, 59, 69, 77, 169, 181, 191, 203]
[86, 118, 212]
[51, 59, 69, 77, 169, 181, 191, 203]
[86, 118, 212]
[51, 59, 69, 77, 169, 181, 191, 203]
[86, 118, 212]
[51, 59, 69, 77, 169, 181, 191, 203]
[86, 118, 212]
[51, 59, 69, 77, 169, 181, 191, 203]
[86, 118, 212]
[51, 59, 69, 77, 169, 181, 191, 203]
[86, 118, 212]
[51, 59, 69, 77, 169, 181, 191, 203]
[86, 118, 212]
[51, 59, 69, 77, 169, 181, 191, 203]
[86, 118, 212]
[51, 59, 69, 77, 169, 181, 191, 203]
[86, 118, 212]
[51, 59, 69, 77, 169, 181, 191, 203]
[86, 118, 212]
[51, 59, 69, 77, 169, 181, 191, 203]
[86, 118, 212]
[]
[]
[]
[]
[]
[]
[]
[]
[]
[]
[]
[]
[]
[]
[]
[81, 108, 111, 167]
[84]
[81, 108, 111, 167]
[84]
[]
[]
[]
[]
[]
[]
[]
[]
[]
[]
[]
[]
[]
[]
[]
[]
[]
[]
[]
[]
[]
[]
[]
[]
[]
[]
[]
[]
[]
[]
[]
[]
[]
[]
[]
[]
[]
[]
[]
[]
[]
[]
[]
[]
[]
[]
if (new_value->len == (sizeof("md5") - 1) &&
		strncasecmp(new_value->val, "md5", sizeof("md5") - 1) == 0)
[30, 34, 75, 79, 89, 93]
[42]
[30, 34, 75, 79, 89, 93]
[42]
[30, 34, 75, 79, 89, 93]
[42]
[]
if (new_value->len == (sizeof("md5") - 1) &&		strncasecmp(new_value->val, "md5", sizeof("md5") - 1) == 0)
[30, 34, 74, 78, 88, 92]
[42]
[30, 34, 74, 78, 88, 92]
[42]
[30, 34, 74, 78, 88, 92]
[42]
[]
if (new_value->len == (sizeof("sha1") - 1) &&
		strncasecmp(new_value->val, "sha1", sizeof("sha1") - 1) == 0)
[30, 35, 76, 81, 91, 96]
[43]
[30, 35, 76, 81, 91, 96]
[43]
[30, 35, 76, 81, 91, 96]
[43]
[]
if (new_value->len == (sizeof("sha1") - 1) &&		strncasecmp(new_value->val, "sha1", sizeof("sha1") - 1) == 0)
[30, 35, 75, 80, 90, 95]
[43]
[30, 35, 75, 80, 90, 95]
[43]
[30, 35, 75, 80, 90, 95]
[43]
[]
[]
[]
[]
[]
[]
[]
[]
[]
[]
[]
[]
[]
[]
[]
[]
[]
[]
[]
[]
[]
[]
[]
[]
[]
[]
[]
[]
[]
[]
[]
[]
[]
[]
[]
[]
[]
[]
[]
[]
[]
[]
[]
[]
[]
[]
[]
[]
[]
[]
[]
[]
[]
[]
[]
[]
[]
[]
[]
[]
[]
[]
[]
[]
[]
[]
[]
[]
[]
[]
[]
[]
[]
[]
if (PS(use_cookies) && (data = zend_hash_str_find(&EG(symbol_table), "_COOKIE", sizeof("_COOKIE") - 1)) &&
				Z_TYPE_P(data) == IS_ARRAY &&
				(ppid = zend_hash_str_find(Z_ARRVAL_P(data), PS(session_name), lensess))
		)
[69, 77, 87, 95]
[20, 104, 138]
[69, 77, 87, 95]
[20, 104, 138]
[69, 77, 87, 95]
[20, 104, 138]
[69, 77, 87, 95]
[20, 104, 138]
[69, 77, 87, 95]
[20, 104, 138]
[69, 77, 87, 95]
[20, 104, 138]
[]
if (PS(use_cookies) && (data = zend_hash_str_find(&EG(symbol_table), "_COOKIE", sizeof("_COOKIE") - 1)) &&				Z_TYPE_P(data) == IS_ARRAY &&				(ppid = zend_hash_str_find(Z_ARRVAL_P(data), PS(session_name), lensess))		)
[69, 77, 87, 95]
[20, 104, 137]
[69, 77, 87, 95]
[20, 104, 137]
[69, 77, 87, 95]
[20, 104, 137]
[69, 77, 87, 95]
[20, 104, 137]
[69, 77, 87, 95]
[20, 104, 137]
[69, 77, 87, 95]
[20, 104, 137]
[]
if (PS(define_sid) && !PS(id) &&
				(data = zend_hash_str_find(&EG(symbol_table), "_GET", sizeof("_GET") - 1)) &&
				Z_TYPE_P(data) == IS_ARRAY &&
				(ppid = zend_hash_str_find(Z_ARRVAL_P(data), PS(session_name), lensess))
		)
[83, 88, 98, 103]
[19, 30, 112, 146]
[83, 88, 98, 103]
[19, 30, 112, 146]
[83, 88, 98, 103]
[19, 30, 112, 146]
[83, 88, 98, 103]
[19, 30, 112, 146]
[83, 88, 98, 103]
[19, 30, 112, 146]
[83, 88, 98, 103]
[19, 30, 112, 146]
[83, 88, 98, 103]
[19, 30, 112, 146]
[83, 88, 98, 103]
[19, 30, 112, 146]
[]
if (PS(define_sid) && !PS(id) &&				(data = zend_hash_str_find(&EG(symbol_table), "_GET", sizeof("_GET") - 1)) &&				Z_TYPE_P(data) == IS_ARRAY &&				(ppid = zend_hash_str_find(Z_ARRVAL_P(data), PS(session_name), lensess))		)
[82, 87, 97, 102]
[19, 30, 111, 144]
[82, 87, 97, 102]
[19, 30, 111, 144]
[82, 87, 97, 102]
[19, 30, 111, 144]
[82, 87, 97, 102]
[19, 30, 111, 144]
[82, 87, 97, 102]
[19, 30, 111, 144]
[82, 87, 97, 102]
[19, 30, 111, 144]
[82, 87, 97, 102]
[19, 30, 111, 144]
[82, 87, 97, 102]
[19, 30, 111, 144]
[]
if (PS(define_sid) && !PS(id) &&
				(data = zend_hash_str_find(&EG(symbol_table), "_POST", sizeof("_POST") - 1)) &&
				Z_TYPE_P(data) == IS_ARRAY &&
				(ppid = zend_hash_str_find(Z_ARRVAL_P(data), PS(session_name), lensess))
		)
[83, 89, 99, 105]
[19, 30, 114, 148]
[83, 89, 99, 105]
[19, 30, 114, 148]
[83, 89, 99, 105]
[19, 30, 114, 148]
[83, 89, 99, 105]
[19, 30, 114, 148]
[83, 89, 99, 105]
[19, 30, 114, 148]
[83, 89, 99, 105]
[19, 30, 114, 148]
[83, 89, 99, 105]
[19, 30, 114, 148]
[83, 89, 99, 105]
[19, 30, 114, 148]
[]
if (PS(define_sid) && !PS(id) &&				(data = zend_hash_str_find(&EG(symbol_table), "_POST", sizeof("_POST") - 1)) &&				Z_TYPE_P(data) == IS_ARRAY &&				(ppid = zend_hash_str_find(Z_ARRVAL_P(data), PS(session_name), lensess))		)
[82, 88, 98, 104]
[19, 30, 113, 146]
[82, 88, 98, 104]
[19, 30, 113, 146]
[82, 88, 98, 104]
[19, 30, 113, 146]
[82, 88, 98, 104]
[19, 30, 113, 146]
[82, 88, 98, 104]
[19, 30, 113, 146]
[82, 88, 98, 104]
[19, 30, 113, 146]
[82, 88, 98, 104]
[19, 30, 113, 146]
[82, 88, 98, 104]
[19, 30, 113, 146]
[]
if (PS(define_sid) && !PS(id) &&
			(data = zend_hash_str_find(Z_ARRVAL(PG(http_globals)[TRACK_VARS_SERVER]), "REQUEST_URI", sizeof("REQUEST_URI") - 1)) &&
			Z_TYPE_P(data) == IS_STRING &&
			(p = strstr(Z_STRVAL_P(data), PS(session_name))) &&
			p[lensess] == '='
		)
[110, 122, 132, 144]
[19, 30, 153, 187, 242]
[110, 122, 132, 144]
[19, 30, 153, 187, 242]
[110, 122, 132, 144]
[19, 30, 153, 187, 242]
[110, 122, 132, 144]
[19, 30, 153, 187, 242]
[110, 122, 132, 144]
[19, 30, 153, 187, 242]
[110, 122, 132, 144]
[19, 30, 153, 187, 242]
[110, 122, 132, 144]
[19, 30, 153, 187, 242]
[110, 122, 132, 144]
[19, 30, 153, 187, 242]
[110, 122, 132, 144]
[19, 30, 153, 187, 242]
[110, 122, 132, 144]
[19, 30, 153, 187, 242]
[]
if (PS(define_sid) && !PS(id) &&			(data = zend_hash_str_find(Z_ARRVAL(PG(http_globals)[TRACK_VARS_SERVER]), "REQUEST_URI", sizeof("REQUEST_URI") - 1)) &&			Z_TYPE_P(data) == IS_STRING &&			(p = strstr(Z_STRVAL_P(data), PS(session_name))) &&			p[lensess] == '='		)
[109, 121, 131, 143]
[19, 30, 152, 185, 239]
[109, 121, 131, 143]
[19, 30, 152, 185, 239]
[109, 121, 131, 143]
[19, 30, 152, 185, 239]
[109, 121, 131, 143]
[19, 30, 152, 185, 239]
[109, 121, 131, 143]
[19, 30, 152, 185, 239]
[109, 121, 131, 143]
[19, 30, 152, 185, 239]
[109, 121, 131, 143]
[19, 30, 152, 185, 239]
[109, 121, 131, 143]
[19, 30, 152, 185, 239]
[109, 121, 131, 143]
[19, 30, 152, 185, 239]
[109, 121, 131, 143]
[19, 30, 152, 185, 239]
[]
[]
if (PS(define_sid) && PS(id) &&
			PS(extern_referer_chk)[0] != '\0' &&
			!Z_ISUNDEF(PG(http_globals)[TRACK_VARS_SERVER]) &&
			(data = zend_hash_str_find(Z_ARRVAL(PG(http_globals)[TRACK_VARS_SERVER]), "HTTP_REFERER", sizeof("HTTP_REFERER") - 1)) &&
			Z_TYPE_P(data) == IS_STRING &&
			Z_STRLEN_P(data) != 0 &&
			strstr(Z_STRVAL_P(data), PS(extern_referer_chk)) == NULL
		)
[203, 216, 226, 239]
[19, 29, 69, 123, 248, 282, 310]
[203, 216, 226, 239]
[19, 29, 69, 123, 248, 282, 310]
[203, 216, 226, 239]
[19, 29, 69, 123, 248, 282, 310]
[203, 216, 226, 239]
[19, 29, 69, 123, 248, 282, 310]
[203, 216, 226, 239]
[19, 29, 69, 123, 248, 282, 310]
[203, 216, 226, 239]
[19, 29, 69, 123, 248, 282, 310]
[203, 216, 226, 239]
[19, 29, 69, 123, 248, 282, 310]
[203, 216, 226, 239]
[19, 29, 69, 123, 248, 282, 310]
[203, 216, 226, 239]
[19, 29, 69, 123, 248, 282, 310]
[203, 216, 226, 239]
[19, 29, 69, 123, 248, 282, 310]
[203, 216, 226, 239]
[19, 29, 69, 123, 248, 282, 310]
[203, 216, 226, 239]
[19, 29, 69, 123, 248, 282, 310]
[203, 216, 226, 239]
[19, 29, 69, 123, 248, 282, 310]
[203, 216, 226, 239]
[19, 29, 69, 123, 248, 282, 310]
[]
if (PS(define_sid) && PS(id) &&			PS(extern_referer_chk)[0] != '\0' &&			!Z_ISUNDEF(PG(http_globals)[TRACK_VARS_SERVER]) &&			(data = zend_hash_str_find(Z_ARRVAL(PG(http_globals)[TRACK_VARS_SERVER]), "HTTP_REFERER", sizeof("HTTP_REFERER") - 1)) &&			Z_TYPE_P(data) == IS_STRING &&			Z_STRLEN_P(data) != 0 &&			strstr(Z_STRVAL_P(data), PS(extern_referer_chk)) == NULL		)
[200, 213, 223, 236]
[19, 29, 68, 121, 245, 278, 305]
[200, 213, 223, 236]
[19, 29, 68, 121, 245, 278, 305]
[200, 213, 223, 236]
[19, 29, 68, 121, 245, 278, 305]
[200, 213, 223, 236]
[19, 29, 68, 121, 245, 278, 305]
[200, 213, 223, 236]
[19, 29, 68, 121, 245, 278, 305]
[200, 213, 223, 236]
[19, 29, 68, 121, 245, 278, 305]
[200, 213, 223, 236]
[19, 29, 68, 121, 245, 278, 305]
[200, 213, 223, 236]
[19, 29, 68, 121, 245, 278, 305]
[200, 213, 223, 236]
[19, 29, 68, 121, 245, 278, 305]
[200, 213, 223, 236]
[19, 29, 68, 121, 245, 278, 305]
[200, 213, 223, 236]
[19, 29, 68, 121, 245, 278, 305]
[200, 213, 223, 236]
[19, 29, 68, 121, 245, 278, 305]
[200, 213, 223, 236]
[19, 29, 68, 121, 245, 278, 305]
[200, 213, 223, 236]
[19, 29, 68, 121, 245, 278, 305]
[]
if (PS(id) && strpbrk(PS(id)->val, "\r\n\t <>'\"\\"))
[35, 47, 50]
[11]
[35, 47, 50]
[11]
